PHO=[1.000000  0.905006  1.000000  0.010635  0.010635  0.034807  0.108471
    0.905006  1.000000  0.905006  0.035686  0.035686  0.022745  0.116059
    1.000000  0.905006  1.000000  0.010635  0.010635  0.034807  0.108471
    0.010635  0.035686  0.010635  1.000000  1.000000  0.242679 -0.257490
    0.010635  0.035686  0.010635  1.000000  1.000000  0.242679 -0.257490
    0.034807  0.022745  0.034807  0.242679  0.242679  1.000000 -0.739507
    0.108471  0.116059  0.108471 -0.257490 -0.257490 -0.739507  1.000000];
[COEFF,latent,explained]=pcacov(PHO);
result1(1,:)={'特征值','插值','贡献率','累积贡献率'};
result1(2:8,1)=num2cell(latent);
result1(2:7,2)=num2cell(-diff(latent));
result1(2:8,3:4)=num2cell([explained,cumsum(explained)]);

s={'标准化变量','x1:co2','x2:methanal','x3:TVOC','x4:PM2.5','x5:PM10','x6:T','x7:H'};
result2(:,1)=s;
result2(1,2:4)={'Prin1','Prin2','Prin3'};
result2(2:8,2:4)=num2cell(COEFF(:,1:3));